ColorPalette <- c(
  "#8ecae6",
  "#669bbc",
  "#023047",
  "#ffb703",
  "#fb8500",
  "#780000",
  "#c1121f",
  "#dad7cd",
  "#a3b18a",
  "#588157",
  "#31572c",
  "#edafb8",
  "#f7e1d7",
  "#f4d35e",
  "#faf0ca",
  "black",
  "gray40")
